0, 0, 0, 0, 0 = [1, 402]
0, 1, 0, 0, 0 = [22, 217, 379, 380, 381, 399, 400, 401]
0, 1, 1, 0, 0 = [212, 214, 215, 216, 367, 374, 375, 376, 377, 378, 394, 395, 396, 397, 398]
0, 1, 1, 1, 0 = [361, 362, 363, 364, 365, 366, 369, 370, 371, 372, 373, 386, 389, 390, 391, 392, 393]
0, 1, 1, 1, 1 = [368, 382, 383, 384, 385, 387, 388]
0, 1, 2, 0, 0 = [6, 16, 20, 21, 85, 87, 93, 105, 112, 119, 123, 126, 173, 174, 179, 180, 190, 195, 196, 199, 204, 205, 210, 211, 213, 259, 260, 284, 285, 292, 293, 318, 319, 320, 321, 322, 330, 331, 332, 350, 351, 352, 353, 354, 355, 356, 357, 358, 359, 360]
0, 1, 2, 1, 0 = [14, 15, 19, 83, 84, 86, 90, 91, 92, 100, 101, 102, 103, 104, 108, 110, 111, 115, 116, 117, 118, 120, 121, 122, 124, 125, 131, 132, 135, 138, 139, 144, 145, 151, 158, 159, 163, 168, 169, 172, 177, 178, 184, 185, 186, 187, 188, 189, 191, 192, 193, 194, 197, 198, 200, 201, 202, 203, 206, 207, 208, 209, 224, 225, 240, 241, 250, 251, 257, 258, 270, 271, 272, 273, 274, 275, 276, 277, 278, 279, 280, 281, 282, 283, 286, 287, 288, 289, 290, 291, 301, 302, 303, 304, 305, 310, 311, 312, 313, 314, 315, 316, 317, 323, 324, 325, 326, 327, 328, 329, 341, 342, 343, 344, 345, 346, 347, 348, 349]
0, 1, 2, 1, 1 = [17, 18, 88, 89, 95, 97, 98, 99, 127, 128, 129, 130, 133, 134, 136, 137, 140, 141, 142, 143, 149, 150, 156, 157, 160, 161, 162, 164, 165, 166, 167, 170, 171, 175, 176, 218, 219, 220, 221, 222, 223, 234, 235, 236, 237, 238, 239, 242, 243, 244, 245, 246, 247, 248, 249, 252, 253, 254, 255, 256, 268, 269, 297, 298, 299, 300, 306, 307, 308, 309, 333, 334, 335, 336, 337, 338, 339, 340]
0, 1, 2, 2, 0 = [106, 107, 109, 113, 114, 181, 182, 183, 264, 265, 266, 267, 296]
0, 1, 2, 2, 1 = [94, 96, 146, 147, 148, 152, 153, 154, 155, 227, 228, 229, 230, 231, 232, 233, 262, 263, 294, 295]
0, 1, 2, 2, 2 = [226, 261]
0, 1, 2, 3, 0 = [3, 5, 8, 11, 13, 24, 28, 30, 33, 35, 37, 43, 45, 52, 53, 54, 58, 60, 62, 64, 66, 68, 70, 72, 74, 76, 78, 80, 82]
0, 1, 2, 3, 1 = [4, 7, 10, 12, 23, 26, 27, 29, 31, 32, 34, 36, 39, 40, 41, 42, 44, 48, 49, 50, 51, 55, 56, 57, 59, 61, 65, 67, 69, 71, 73, 77, 79, 81]
0, 1, 2, 3, 2 = [9, 25, 38, 47, 63, 75]
0, 1, 2, 3, 3 = [46]
0, 1, 2, 3, 4 = [2]
